0 0.578125 0.955078 0.062500 0.035156
0 0.435547 0.845703 0.058594 0.058594
0 0.726562 0.871094 0.281250 0.132812
0 0.267578 0.837891 0.191406 0.113281
0 0.123047 0.750000 0.058594 0.046875
0 0.250000 0.564453 0.046875 0.050781
0 0.902344 0.521484 0.046875 0.042969
0 0.615234 0.511719 0.042969 0.054688
0 0.353516 0.433594 0.058594 0.093750
0 0.306641 0.396484 0.042969 0.050781
0 0.296875 0.345703 0.046875 0.042969
0 0.234375 0.320312 0.062500 0.070312
0 0.294922 0.275391 0.082031 0.066406
0 0.279297 0.089844 0.035156 0.046875
