0 0.365234 0.931641 0.058594 0.035156
0 0.197266 0.859375 0.253906 0.109375
0 0.386719 0.796875 0.117188 0.109375
0 0.285156 0.738281 0.070312 0.070312
0 0.302734 0.671875 0.097656 0.062500
0 0.439453 0.611328 0.097656 0.058594
0 0.244141 0.533203 0.050781 0.042969
0 0.109375 0.482422 0.054688 0.058594
0 0.843750 0.429688 0.140625 0.101562
0 0.714844 0.347656 0.085938 0.062500
0 0.310547 0.314453 0.144531 0.074219
0 0.689453 0.212891 0.058594 0.097656
0 0.351562 0.216797 0.125000 0.113281
0 0.568359 0.130859 0.089844 0.089844
