0 0.632812 0.986328 0.054688 0.027344
0 0.560547 0.935547 0.097656 0.128906
0 0.921875 0.853516 0.070312 0.058594
0 0.400391 0.886719 0.105469 0.156250
0 0.302734 0.707031 0.097656 0.109375
0 0.144531 0.705078 0.203125 0.121094
0 0.421875 0.675781 0.132812 0.242188
0 0.511719 0.527344 0.039062 0.039062
0 0.595703 0.496094 0.042969 0.054688
0 0.355469 0.492188 0.062500 0.093750
0 0.730469 0.458984 0.046875 0.035156
0 0.552734 0.462891 0.066406 0.089844
0 0.466797 0.355469 0.042969 0.054688
0 0.392578 0.363281 0.050781 0.070312
0 0.562500 0.359375 0.062500 0.101562
0 0.328125 0.345703 0.078125 0.136719
0 0.804688 0.279297 0.085938 0.042969
0 0.533203 0.277344 0.066406 0.070312
0 0.261719 0.210938 0.039062 0.062500
0 0.515625 0.193359 0.039062 0.035156
0 0.085938 0.189453 0.031250 0.042969
0 0.546875 0.121094 0.132812 0.093750
0 0.210938 0.308594 0.375000 0.609375
