0 0.751953 0.880859 0.105469 0.042969
0 0.599609 0.857422 0.175781 0.089844
0 0.429688 0.832031 0.093750 0.054688
0 0.845703 0.818359 0.082031 0.082031
0 0.666016 0.777344 0.097656 0.070312
0 0.855469 0.738281 0.140625 0.070312
0 0.117188 0.671875 0.218750 0.085938
0 0.699219 0.634766 0.039062 0.035156
0 0.789062 0.529297 0.062500 0.050781
0 0.945312 0.494141 0.062500 0.050781
0 0.552734 0.457031 0.050781 0.039062
0 0.927734 0.396484 0.050781 0.058594
0 0.832031 0.378906 0.062500 0.039062
0 0.882812 0.337891 0.046875 0.050781
0 0.234375 0.320312 0.039062 0.046875
0 0.935547 0.228516 0.042969 0.042969
0 0.945312 0.183594 0.046875 0.039062
0 0.742188 0.222656 0.148438 0.132812
0 0.583984 0.169922 0.058594 0.042969
0 0.886719 0.156250 0.070312 0.078125
0 0.908203 0.080078 0.152344 0.082031
0 0.685547 0.046875 0.058594 0.046875
0 0.861328 0.025391 0.066406 0.050781
0 0.412109 0.341797 0.535156 0.683594
