0 0.601562 0.980469 0.054688 0.039062
0 0.349609 0.972656 0.191406 0.054688
0 0.482422 0.914062 0.058594 0.062500
0 0.105469 0.900391 0.046875 0.035156
0 0.150391 0.865234 0.042969 0.042969
0 0.656250 0.878906 0.054688 0.148438
0 0.535156 0.824219 0.039062 0.062500
0 0.722656 0.794922 0.078125 0.050781
0 0.125000 0.738281 0.046875 0.062500
0 0.765625 0.724609 0.046875 0.089844
0 0.791016 0.589844 0.066406 0.085938
0 0.843750 0.501953 0.046875 0.050781
0 0.863281 0.429688 0.054688 0.093750
0 0.800781 0.113281 0.039062 0.054688
