0 0.566406 0.916016 0.140625 0.121094
0 0.943359 0.751953 0.050781 0.042969
0 0.968750 0.701172 0.054688 0.058594
0 0.128906 0.593750 0.117188 0.093750
0 0.382812 0.550781 0.054688 0.039062
0 0.322266 0.515625 0.082031 0.062500
0 0.183594 0.468750 0.101562 0.085938
0 0.230469 0.433594 0.078125 0.101562
0 0.050781 0.402344 0.093750 0.117188
0 0.199219 0.251953 0.078125 0.144531
0 0.230469 0.183594 0.070312 0.117188
0 0.142578 0.115234 0.042969 0.050781
0 0.287109 0.089844 0.058594 0.046875
0 0.078125 0.099609 0.085938 0.160156
