0 0.228516 0.728516 0.066406 0.042969
0 0.087891 0.716797 0.082031 0.074219
0 0.808594 0.669922 0.281250 0.074219
0 0.896484 0.595703 0.058594 0.042969
0 0.664062 0.582031 0.070312 0.062500
0 0.759766 0.568359 0.066406 0.050781
0 0.587891 0.531250 0.152344 0.109375
0 0.226562 0.466797 0.062500 0.042969
0 0.566406 0.431641 0.046875 0.035156
0 0.482422 0.435547 0.089844 0.113281
0 0.121094 0.419922 0.109375 0.191406
0 0.843750 0.375000 0.179688 0.156250
0 0.445312 0.320312 0.085938 0.046875
0 0.226562 0.322266 0.093750 0.089844
0 0.521484 0.306641 0.066406 0.105469
0 0.306641 0.275391 0.066406 0.050781
0 0.666016 0.298828 0.183594 0.199219
0 0.421875 0.214844 0.093750 0.078125
0 0.519531 0.126953 0.054688 0.035156
0 0.703125 0.109375 0.062500 0.062500
