0 0.128906 0.804688 0.257812 0.195312
0 0.517578 0.591797 0.050781 0.128906
0 0.041016 0.593750 0.082031 0.210938
0 0.107422 0.414062 0.058594 0.093750
0 0.716797 0.396484 0.074219 0.105469
0 0.146484 0.316406 0.050781 0.078125
0 0.386719 0.322266 0.046875 0.121094
0 0.755859 0.246094 0.066406 0.039062
0 0.468750 0.302734 0.078125 0.160156
0 0.531250 0.207031 0.046875 0.031250
0 0.412109 0.203125 0.050781 0.039062
0 0.699219 0.197266 0.046875 0.035156
0 0.287109 0.158203 0.042969 0.050781
0 0.177734 0.156250 0.042969 0.093750
0 0.513672 0.042969 0.058594 0.078125
0 0.593750 0.035156 0.085938 0.070312
0 0.224609 0.066406 0.089844 0.132812
