0 0.500000 0.929688 0.039062 0.054688
0 0.113281 0.767578 0.226562 0.128906
0 0.746094 0.708984 0.164062 0.097656
0 0.564453 0.458984 0.089844 0.074219
0 0.816406 0.421875 0.062500 0.101562
0 0.119141 0.404297 0.097656 0.089844
0 0.728516 0.468750 0.097656 0.226562
0 0.843750 0.355469 0.039062 0.046875
0 0.648438 0.326172 0.054688 0.050781
0 0.355469 0.496094 0.304688 0.570312
0 0.640625 0.234375 0.078125 0.101562
0 0.589844 0.046875 0.085938 0.093750
0 0.496094 0.027344 0.093750 0.054688
0 0.398438 0.117188 0.265625 0.234375
