0 0.107422 0.980469 0.058594 0.039062
0 0.095703 0.921875 0.066406 0.039062
0 0.228516 0.943359 0.183594 0.113281
0 0.283203 0.892578 0.042969 0.042969
0 0.443359 0.845703 0.128906 0.066406
0 0.308594 0.796875 0.054688 0.062500
0 0.242188 0.656250 0.046875 0.046875
0 0.339844 0.638672 0.140625 0.167969
0 0.445312 0.443359 0.062500 0.050781
0 0.386719 0.509766 0.148438 0.199219
0 0.546875 0.281250 0.046875 0.039062
0 0.433594 0.302734 0.156250 0.199219
0 0.347656 0.205078 0.054688 0.058594
0 0.195312 0.433594 0.250000 0.656250
0 0.437500 0.095703 0.210938 0.113281
0 0.601562 0.050781 0.132812 0.101562
