0 0.552734 0.917969 0.082031 0.046875
0 0.292969 0.707031 0.132812 0.101562
0 0.617188 0.679688 0.054688 0.054688
0 0.847656 0.685547 0.062500 0.097656
0 0.783203 0.716797 0.199219 0.355469
0 0.656250 0.574219 0.085938 0.125000
0 0.794922 0.492188 0.050781 0.039062
0 0.748047 0.480469 0.058594 0.062500
0 0.675781 0.431641 0.125000 0.128906
0 0.763672 0.365234 0.042969 0.058594
0 0.314453 0.191406 0.058594 0.039062
0 0.462891 0.160156 0.089844 0.062500
0 0.351562 0.087891 0.164062 0.097656
0 0.562500 0.263672 0.328125 0.480469
