0 0.921875 0.843750 0.156250 0.109375
0 0.789062 0.775391 0.062500 0.042969
0 0.503906 0.832031 0.328125 0.250000
0 0.509766 0.691406 0.050781 0.039062
0 0.382812 0.681641 0.054688 0.035156
0 0.218750 0.712891 0.156250 0.121094
0 0.458984 0.673828 0.058594 0.050781
0 0.566406 0.650391 0.046875 0.050781
0 0.455078 0.593750 0.042969 0.039062
0 0.332031 0.593750 0.054688 0.054688
0 0.171875 0.597656 0.148438 0.117188
0 0.476562 0.507812 0.046875 0.039062
0 0.283203 0.429688 0.152344 0.242188
0 0.349609 0.246094 0.050781 0.046875
0 0.773438 0.435547 0.351562 0.644531
