0 0.195312 0.896484 0.039062 0.042969
0 0.248047 0.796875 0.089844 0.046875
0 0.732422 0.796875 0.191406 0.109375
0 0.857422 0.720703 0.042969 0.058594
0 0.142578 0.703125 0.050781 0.039062
0 0.562500 0.695312 0.070312 0.031250
0 0.671875 0.742188 0.148438 0.140625
0 0.248047 0.556641 0.105469 0.066406
0 0.828125 0.498047 0.046875 0.066406
0 0.693359 0.474609 0.105469 0.066406
0 0.394531 0.453125 0.054688 0.039062
0 0.771484 0.365234 0.082031 0.050781
0 0.609375 0.281250 0.062500 0.054688
0 0.730469 0.246094 0.039062 0.046875
0 0.455078 0.216797 0.058594 0.042969
0 0.402344 0.066406 0.203125 0.132812
