0 0.439453 0.970703 0.058594 0.058594
0 0.613281 0.871094 0.054688 0.031250
0 0.488281 0.876953 0.156250 0.121094
0 0.576172 0.783203 0.050781 0.035156
0 0.703125 0.802734 0.171875 0.105469
0 0.478516 0.736328 0.035156 0.042969
0 0.900391 0.789062 0.199219 0.156250
0 0.560547 0.628906 0.160156 0.148438
0 0.607422 0.546875 0.050781 0.046875
0 0.970703 0.539062 0.042969 0.046875
0 0.460938 0.537109 0.101562 0.066406
0 0.697266 0.531250 0.113281 0.085938
0 0.453125 0.453125 0.078125 0.070312
0 0.519531 0.427734 0.054688 0.058594
0 0.541016 0.361328 0.097656 0.066406
0 0.164062 0.371094 0.078125 0.093750
0 0.744141 0.496094 0.324219 0.507812
0 0.572266 0.154297 0.042969 0.050781
0 0.330078 0.419922 0.378906 0.816406
