0 0.810547 0.943359 0.082031 0.050781
0 0.486328 0.935547 0.058594 0.050781
0 0.369141 0.949219 0.160156 0.085938
0 0.869141 0.888672 0.058594 0.050781
0 0.095703 0.572266 0.050781 0.050781
0 0.347656 0.486328 0.078125 0.050781
0 0.060547 0.416016 0.121094 0.074219
0 0.154297 0.380859 0.121094 0.082031
0 0.277344 0.417969 0.250000 0.171875
0 0.222656 0.333984 0.039062 0.035156
0 0.187500 0.292969 0.046875 0.039062
0 0.316406 0.185547 0.046875 0.066406
0 0.123047 0.214844 0.167969 0.296875
0 0.417969 0.097656 0.195312 0.085938
0 0.197266 0.023438 0.050781 0.031250
