0 0.345703 0.677734 0.042969 0.035156
0 0.375000 0.617188 0.070312 0.031250
0 0.845703 0.617188 0.238281 0.078125
0 0.642578 0.550781 0.050781 0.039062
0 0.671875 0.507812 0.046875 0.039062
0 0.755859 0.431641 0.074219 0.082031
0 0.175781 0.412109 0.046875 0.042969
0 0.316406 0.361328 0.054688 0.035156
0 0.294922 0.324219 0.058594 0.039062
0 0.326172 0.189453 0.058594 0.042969
0 0.236328 0.146484 0.042969 0.035156
0 0.373047 0.140625 0.105469 0.054688
0 0.576172 0.185547 0.183594 0.160156
0 0.310547 0.080078 0.050781 0.035156
0 0.382812 0.089844 0.109375 0.085938
