0 0.318359 0.843750 0.035156 0.046875
0 0.740234 0.828125 0.339844 0.140625
0 0.195312 0.748047 0.125000 0.074219
0 0.347656 0.761719 0.195312 0.109375
0 0.513672 0.734375 0.113281 0.085938
0 0.394531 0.654297 0.070312 0.082031
0 0.787109 0.611328 0.058594 0.042969
0 0.671875 0.703125 0.234375 0.242188
0 0.800781 0.679688 0.156250 0.218750
0 0.714844 0.556641 0.093750 0.066406
0 0.427734 0.535156 0.050781 0.054688
0 0.486328 0.507812 0.050781 0.031250
0 0.351562 0.492188 0.046875 0.039062
0 0.726562 0.451172 0.054688 0.042969
0 0.091797 0.468750 0.066406 0.085938
0 0.785156 0.464844 0.078125 0.101562
0 0.906250 0.470703 0.164062 0.167969
0 0.746094 0.369141 0.078125 0.042969
0 0.250000 0.361328 0.085938 0.058594
0 0.568359 0.376953 0.222656 0.160156
0 0.792969 0.332031 0.101562 0.093750
0 0.683594 0.296875 0.125000 0.101562
0 0.480469 0.216797 0.289062 0.285156
0 0.205078 0.162109 0.269531 0.300781
