0 0.570312 0.933594 0.054688 0.054688
0 0.851562 0.796875 0.062500 0.101562
0 0.226562 0.861328 0.273438 0.277344
0 0.519531 0.792969 0.117188 0.148438
0 0.591797 0.718750 0.042969 0.046875
0 0.251953 0.714844 0.035156 0.046875
0 0.384766 0.675781 0.074219 0.078125
0 0.666016 0.666016 0.074219 0.082031
0 0.095703 0.763672 0.191406 0.300781
0 0.638672 0.593750 0.074219 0.085938
0 0.771484 0.570312 0.097656 0.078125
0 0.443359 0.597656 0.105469 0.132812
0 0.533203 0.535156 0.042969 0.046875
0 0.597656 0.517578 0.054688 0.042969
0 0.582031 0.474609 0.054688 0.066406
0 0.910156 0.466797 0.156250 0.105469
0 0.982422 0.412109 0.035156 0.050781
0 0.625000 0.398438 0.039062 0.046875
0 0.708984 0.279297 0.066406 0.066406
